# GEOG331 Activity 2 Script
# 01/31/22

# Make a vector of tree heights in meters
heights <- c(30, 41, 20, 22)
